CaffeNet
0.6375044794102077
0.339119612632379
0.2754781114020591
0.4082507817667228
0.15891092431143405
0.2110021039983457
0.6322630926456152
0.3536986895683889
0.4328562093665801
0.18029056718005795
0.30900398427749837
0.2852916402069832
0.5831350169667512
0.4310319242358403
0.78830588450187
0.19888286422322038
0.2251989118184473
0.3578476042095136
0.5136307079466245
0.30687742022435854




ResNet finetuned
0.9602166817702302 
0.9133839029529452 
0.9168753598223 
0.8769202052015878
0.5049079660796465 
0.8126102075221413 
0.8919971946168439 
0.9197961561308975 
0.6937564996323176 
0.8319589515554225 
0.7743057100684096 
0.8966784434802348 
0.9344083193469481 
0.8876671289309462 
0.9516428617547464 
0.6197549119126786 
0.8389462417899999 
0.7295243801403295 
0.951331388953794 
0.7713366727693362